24,408
24,407
24,406
24,405
24,404
24,403
24,402
24,401
24,400
24,399
24,398
24,397
24,396
24,395
24,394
24,393
24,392
24,391
24,390
24,389
24,388
24,387
24,386
24,385
24,384
24,383
24,382
24,381
24,380
24,379
24,378
24,377
24,376
24,375
24,374
24,373
24,372
24,371
24,370
24,369
24,368
24,367
24,366
24,365
24,364
24,363
24,362
24,361
24,360
24,359
24,358
24,357
24,356
24,355
24,354
24,353
24,352
24,351
24,350
24,349
24,348
24,347
24,346
24,345
24,344
24,343
24,342
24,341
24,340
24,339
24,338
24,337
24,336
24,335
24,334
24,333
24,332
24,331
24,330
24,329
24,328
24,327
24,326
24,325
24,324
24,323
24,322
24,321
24,320
24,319
24,318
24,317
24,316
24,315
24,314
24,313
24,312
24,311
24,310
24,309
24,308
24,307
24,306
24,305
24,304
24,303
24,302
24,301
24,300
24,299
24,298
24,297
24,296
24,295
24,294
24,293
24,292
24,291
24,290
24,289
24,288
24,287
24,286
24,285
24,284
24,283
24,282
24,281
24,280
24,279
24,278
24,277
24,276
24,275
24,274
24,273
24,272
24,271
24,270
24,269
24,268
24,267
24,266
24,265
24,264
24,263
24,262
24,261
24,260
24,259
24,258
24,257
24,256
24,255
24,254
24,253
24,252
24,251
24,250
24,249
24,248
24,247
24,246
24,245
24,244
24,243
24,242
24,241
24,240
24,239
24,238
24,237
24,236
24,235
24,234
24,233
24,232
24,231
24,230
24,229
24,228
24,227
24,226
24,225
24,224
24,223
24,222
24,221
24,220
24,219
24,218
24,217
24,216
24,215
24,214
24,213
24,212
24,211
24,210
24,209
24,208
24,207
24,206
24,205
24,204
24,203
24,202
24,201
24,200
24,199
24,198
24,197
24,196
24,195
24,194
24,193
24,192
24,191
24,190
24,189
24,188
24,187
24,186
24,185
24,184
24,183
24,182
24,181
24,180
24,179
24,178
24,177
24,176
24,175
24,174
24,173
24,172
24,171
24,170
24,169
24,168
24,167
24,166
24,165
24,164
24,163
24,162
24,161
24,160
24,159
24,158
24,157
24,156
24,155
24,154
24,153
24,152
24,151
24,150
24,149
24,148
24,147
24,146
24,145
24,144
24,143
24,142
24,141
24,140
24,139
24,138
24,137
24,136
24,135
24,134
24,133
24,132
24,131
24,130
24,129
24,128
24,127
24,126
24,125
24,124
24,123
24,122
24,121
24,120
24,119
24,118
24,117
24,116
24,115
24,114
24,113
24,112
24,111
24,110
24,109
24,108
24,107
24,106
24,105
24,104
24,103
24,102
24,101
24,100
24,99
24,98
24,97
24,96
24,95
24,94
24,93
24,92
24,91
24,90
24,89
24,88
24,87
24,86
24,85
24,84
24,83
24,82
24,81
24,80
24,79
24,78
24,77
24,76
24,75
24,74
24,73
24,72
24,71
24,70
24,69
24,68
24,67
24,66
24,65
24,64
24,35
24,34
24,33
24,32
24,31
24,30
24,29
24,28
24,27
24,26
24,25
24,24
24,23
24,22
24,21
24,20
24,19
24,18
24,17
24,16
24,15
24,14
24,13
24,12
24,11
24,10
24,9
24,8
24,7
24,6
24,5
24,4
24,3
24,2
24,1
2,5
1,3
0,585
0,584
0,583
0,582
0,581
0,580
0,579
0,578
0,577
0,576
4,3
4,2
4,1
4,0
3,6
3,5
3,4
3,3
3,2
3,1
3,0
2,3
2,2
2,1
2,0
1,2
1,1
1,0
0,460
0,459
0,458
0,457
0,456
0,455
0,454
0,453
0,452
0,451
0,450
0,449
0,448
0,324
0,243
0,9
0,0
0,1
0,300
0,299
0,298
0,297
0,296
0,295
0,294
0,293
0,292
0,291
0,290
0,289
0,288
0,287
0,286
0,285
0,284
0,283
0,282
0,281
0,280
0,279
0,278
0,277
0,276
0,382
0,275
0,381
0,274
0,380
0,273
0,379
0,272
0,378
0,271
0,377
0,270
0,376
0,269
0,375
0,268
0,374
0,267
0,373
0,266
0,372
0,265
0,371
0,264
0,370
0,263
0,262
0,369
0,261
0,368
0,260
0,367
0,259
0,258
0,366
0,257
0,365
0,256
0,364
0,255
0,254
0,253
0,363
0,252
0,362
0,251
0,361
0,250
0,249
0,248
0,247
0,246
0,245
0,244
0,360
0,242
0,359
0,241
0,358
0,240
0,239
0,357
0,238
0,356
0,237
0,355
0,236
0,235
0,354
0,234
0,353
0,233
0,352
0,232
0,231
0,351
0,230
0,350
0,229
0,349
0,228
0,227
0,348
0,226
0,347
0,225
0,346
0,224
0,223
0,222
0,221
0,220
0,345
0,219
0,344
0,218
0,343
0,217
0,216
0,342
0,215
0,341
0,214
0,340
0,213
0,212
0,339
0,211
0,338
0,210
0,337
0,209
0,336
0,208
0,207
0,335
0,206
0,334
0,205
0,333
0,204
0,332
0,203
0,202
0,201
0,331
0,200
0,330
0,199
0,329
0,198
0,328
0,197
0,196
0,327
0,195
0,326
0,194
0,325
0,193
0,323
0,192
0,63
0,322
0,62
0,321
0,61
0,320
0,60
0,319
0,59
0,58
0,318
0,57
0,56
0,316
0,55
0,54
0,53
0,314
0,52
0,51
0,312
0,50
0,49
0,310
0,48
0,309
0,47
0,308
0,46
0,307
0,45
0,301
0,6
0,5
0,304
0,303
0,306
0,305
0,302
0,12
0,10
0,8
0,11
0,4
0,2
0,3
0,7
24,0
